[0.3185632040990723, 0.9479016220020582]	|	2.3326095575602053
[0.4105237304516234, 0.9118499145890637]	|	1.3866554933138122
[0.6891941448629278, 0.724576725189719]	|	2.559000396585175
[0.8314131209770586, 0.5556547689592765]	|	1.1335623092881995
[0.8350878671780064, 0.5501165822733288]	|	1.7847704873290784
[0.84383381816667, 0.5366045912198845]	|	2.7761880154068614
[0.9242555601004911, -0.38177435694835166]	|	0.7996667194107422
[0.6042079876476631, -0.7968266484391453]	|	1.3101243084641836
[0.5464370601353465, -0.8375001727227521]	|	0.34319261773474324
[0.5215213571303696, -0.853238228197083]	|	-0.20251097476602764
[-0.13085250831623788, -0.9914018464111053]	|	1.1248635330424486
[-0.22017530419621698, -0.9754603197578584]	|	0.12222714696804887
[-0.47197073870491113, -0.8816142137048044]	|	0.7633772608364919
[-0.5557541467075708, -0.8313466956795701]	|	1.2719304155073625
[-0.9755975790112289, -0.21956630849797765]	|	1.1628862556859059
[-0.9999174343544922, 0.012850076806372096]	|	0.7615895368498066
[-0.901563417087238, 0.43264697499229426]	|	1.064726121906248
[-0.8399547660502197, 0.5426564207576657]	|	1.4122242881842897
[-0.6211844603689192, 0.7836643836465804]	|	0.5397535688970421
[-0.11994266536859263, 0.9927808202338912]	|	1.8573514590692866
Wspolrzedne sensora [x, y]		|Pomiar